Latitude: 26.8367711, Longitude: 80.9404161
Latitude: 26.8367711, Longitude: 80.9404161
Latitude: 26.8442845, Longitude: 80.9490599
